100
39
118
250	19
83	40	141
5	213	224	23
71	67	195	224	32
239	138	73	158	254	219
49	42	239	76	226	55	81
65	24	225	160	191	77	11	67
166	246	217	90	24	224	250	175	215
112	80	100	82	31	248	180	66	121	220
122	68	190	249	82	50	7	207	109	164	121
206	76	120	103	113	67	42	172	87	212	59	127
88	53	203	34	47	214	22	150	238	253	203	107	120
90	62	223	15	188	166	138	86	82	163	178	185	120	127
139	183	62	226	20	136	85	70	38	146	73	143	107	240	149
80	32	100	78	225	165	209	251	121	91	101	17	162	71	248	51
74	234	172	27	45	196	248	78	251	140	219	78	96	210	116	233	180
84	151	195	253	254	187	34	208	204	35	18	6	144	194	132	198	37	62
18	186	126	166	237	207	38	184	238	234	92	248	127	145	45	13	185	224	17
119	228	48	5	233	170	197	185	157	39	245	113	26	154	26	103	175	37	27	149
243	32	155	79	129	250	22	26	194	242	22	76	191	104	46	16	185	159	40	6	139
141	211	19	143	193	196	43	182	48	64	48	151	142	153	83	30	25	191	213	214	11	76
215	138	204	213	218	98	102	24	214	53	83	89	211	154	99	86	44	78	44	152	209	151	246
124	222	43	88	4	13	162	25	162	234	125	155	112	110	160	182	200	164	191	249	91	34	195	244
34	102	103	204	107	178	238	205	174	91	242	46	44	37	124	71	134	207	119	172	22	11	217	145	30
141	21	66	83	166	70	168	125	71	52	223	235	85	72	97	96	175	124	107	221	107	224	111	248	31	72
53	204	44	44	161	166	147	160	116	250	14	113	131	179	192	212	177	25	173	135	28	20	17	239	20	49	245
228	114	254	52	30	92	244	169	229	161	238	100	20	239	247	171	210	9	3	116	152	163	233	77	242	249	111	137
190	194	123	209	174	54	225	80	169	35	51	84	183	6	124	97	55	54	100	3	212	183	119	194	35	240	113	117	184
155	171	153	189	83	177	161	209	158	90	211	67	122	42	90	154	193	112	165	251	196	139	136	206	34	54	180	212	207	107
201	161	78	82	73	193	115	74	61	119	188	154	201	100	60	55	187	127	154	252	171	6	59	69	14	148	198	131	106	144	224
44	173	119	199	234	63	30	209	96	248	68	50	54	146	35	171	15	121	14	233	131	254	137	3	151	210	136	107	20	116	7	31
10	139	136	204	95	172	100	148	164	242	68	138	91	175	115	45	157	104	46	238	16	8	56	132	125	40	33	81	114	2	121	146	243
54	67	246	91	108	154	207	108	36	219	231	249	178	62	53	14	86	197	50	76	151	212	248	7	167	104	149	178	253	132	63	1	94	151
215	249	152	176	228	31	101	223	220	186	58	16	5	63	57	65	204	112	188	29	201	44	75	236	205	248	144	78	65	25	173	43	223	111	32
178	176	229	103	32	58	119	153	100	219	13	161	24	200	90	100	120	63	251	182	45	87	245	192	213	62	70	232	70	244	36	182	111	135	219	39
200	211	126	156	72	2	27	121	79	145	41	103	60	153	51	59	44	40	119	20	53	157	205	34	91	144	61	188	146	183	95	160	202	177	205	71	161
40	39	118	235	186	170	218	112	144	182	144	21	164	170	135	208	12	56	76	1	85	46	84	79	70	46	44	226	218	110	179	231	51	116	60	120	234	231
228	163	167	202	43	82	231	74	253	206	37	9	214	170	237	152	21	92	246	76	117	90	209	202	247	193	128	151	176	117	134	110	159	199	91	76	244	109	86
137	110	171	138	41	110	61	65	91	154	93	145	18	241	167	50	43	244	208	104	154	147	160	216	81	120	211	249	150	121	63	171	162	158	143	32	97	60	237	37
231	194	63	172	96	105	88	19	143	247	108	191	59	23	31	93	214	194	14	60	46	239	219	7	202	85	42	77	45	84	49	170	239	207	34	174	103	97	28	157	59
171	33	130	240	16	207	151	218	47	162	237	116	190	188	20	177	31	164	123	226	198	107	12	51	240	206	247	64	192	107	49	52	74	144	233	91	150	38	220	223	175	214
4	157	217	175	105	220	179	130	4	84	68	28	210	195	168	134	58	205	29	46	112	37	32	166	196	73	182	3	12	97	23	154	200	138	226	158	164	61	2	112	183	166	231
150	80	107	128	217	216	188	36	44	44	168	35	203	17	21	40	156	6	149	166	46	37	207	252	243	7	101	70	234	183	10	244	124	245	29	141	110	224	124	115	207	145	216	88
23	114	161	80	213	2	132	236	42	29	143	161	99	182	83	68	108	119	120	145	198	20	134	113	97	174	67	64	143	9	60	233	232	241	60	253	15	125	158	38	193	122	135	42	138
33	126	193	38	93	44	193	119	115	83	10	56	115	237	38	237	124	40	179	67	20	113	246	49	52	57	18	254	13	253	163	91	77	90	121	9	238	80	218	216	70	97	169	46	5	229
89	27	98	234	77	79	9	178	61	33	170	115	66	225	130	34	217	51	208	181	166	98	255	2	113	132	115	55	38	17	115	79	96	252	59	246	165	136	149	122	38	109	230	231	14	171	206
131	51	94	81	134	141	78	106	170	13	248	33	44	183	205	20	52	24	29	198	1	69	168	70	65	69	37	136	234	130	45	160	241	30	92	225	227	39	112	50	73	221	57	17	44	1	78	85
214	201	45	244	46	18	229	169	26	3	137	88	166	135	123	215	219	79	192	26	172	160	233	14	18	59	162	27	26	131	190	173	247	92	180	78	244	234	13	173	22	4	34	94	247	27	28	56	52
228	166	117	104	120	58	204	238	234	149	175	210	122	88	48	48	115	99	86	209	20	166	107	87	57	255	254	244	21	228	129	82	146	18	195	5	236	226	64	237	77	166	56	247	226	8	39	225	12	181
86	208	90	143	250	65	148	5	12	93	38	75	125	56	235	104	61	110	224	186	99	11	141	28	32	163	17	42	15	242	211	253	249	92	51	103	81	61	140	124	216	118	13	114	12	93	148	196	208	5	199
11	62	81	70	30	110	134	4	160	63	20	88	121	175	212	27	173	195	232	140	185	56	237	5	185	126	129	84	40	47	190	126	181	116	106	41	243	20	47	196	36	102	237	119	98	235	207	218	242	65	31	207
119	208	43	157	2	96	79	159	37	127	190	10	120	179	197	181	249	251	12	16	131	41	247	255	188	134	234	87	113	239	75	143	23	72	180	31	180	167	21	68	16	200	220	11	44	248	148	72	184	66	75	110	241
173	216	176	131	32	182	41	84	248	205	117	67	119	53	42	101	113	87	157	230	68	155	83	232	44	64	26	138	16	160	58	184	183	86	58	111	246	125	223	2	54	252	236	124	18	206	40	39	130	39	211	87	2	216
33	244	94	199	4	176	137	159	131	146	108	66	93	14	170	197	197	158	180	165	225	255	181	160	182	40	70	201	90	145	61	102	166	225	153	228	27	91	118	88	213	109	104	204	227	66	65	114	27	130	179	145	218	86	147
21	34	190	166	177	225	61	121	234	228	253	91	52	226	186	90	212	56	182	152	80	253	16	225	213	52	93	209	110	203	72	91	19	162	29	168	155	244	204	197	181	82	31	8	161	5	241	211	134	135	153	69	146	248	98	64
149	6	105	40	192	50	52	212	33	65	11	87	175	251	121	89	50	47	116	124	139	227	54	218	242	90	152	150	138	94	80	211	106	204	88	208	46	92	35	228	89	113	236	195	204	28	116	244	154	146	25	53	30	1	25	82	86
9	126	251	122	174	194	152	204	245	76	94	3	160	206	60	208	91	97	237	187	251	119	206	147	108	217	43	216	119	234	106	192	87	60	91	171	16	18	123	31	15	133	195	130	150	224	246	156	174	38	224	78	45	227	65	237	118	78
188	134	43	116	167	51	82	76	242	73	147	234	64	26	177	133	137	164	54	160	173	28	214	137	37	6	35	101	134	18	134	125	143	24	246	143	142	117	7	220	192	176	116	18	76	102	62	118	250	119	156	124	195	231	234	111	113	23	189
47	39	148	32	243	3	201	249	43	242	102	52	37	1	209	31	23	46	52	7	75	17	250	202	22	242	170	229	208	128	207	71	28	254	41	47	19	29	234	73	3	127	26	120	94	199	164	4	87	24	190	102	157	7	125	136	30	144	104	32
133	42	80	232	23	92	162	242	114	144	68	138	75	144	188	123	177	241	165	161	95	217	228	6	110	61	88	236	253	246	66	123	167	47	88	96	33	63	51	202	106	153	64	50	77	68	249	115	209	52	101	99	81	15	60	96	174	253	68	37	11
104	161	222	171	255	196	3	181	22	7	173	23	214	119	44	251	245	212	133	4	81	153	211	183	24	141	160	119	91	171	85	114	80	145	20	253	58	203	177	79	41	38	189	185	57	141	176	151	250	32	73	114	12	226	43	80	158	217	168	176	245	104
93	68	193	88	239	142	106	78	240	147	74	60	32	120	101	178	170	230	194	217	91	54	12	164	176	51	88	110	236	207	77	68	195	221	203	136	33	137	73	136	226	101	235	87	254	198	65	95	190	159	9	87	55	51	74	136	13	210	62	243	241	57	50
205	162	33	81	44	209	16	74	144	138	117	127	30	96	113	31	105	195	77	177	238	151	47	42	163	84	226	63	229	186	93	107	170	74	95	151	194	163	88	238	192	158	252	67	145	27	184	81	118	96	66	81	121	156	248	120	167	37	218	149	222	5	231	104
51	17	188	7	95	246	156	157	54	83	199	212	131	197	242	19	134	112	193	179	70	71	10	9	190	191	219	174	63	152	237	126	241	62	130	241	219	142	11	56	45	222	29	246	189	170	70	157	24	180	100	30	39	96	14	18	245	145	90	174	124	196	29	87	160
69	251	198	113	25	137	81	232	173	45	86	221	176	246	11	228	234	173	25	132	57	255	86	53	107	117	240	116	47	242	38	181	35	178	139	133	145	58	240	129	22	111	173	104	149	199	2	79	149	105	200	249	230	108	78	83	29	92	165	80	239	243	40	231	2	50
117	237	146	81	33	39	227	228	84	28	90	61	66	189	193	227	223	211	159	82	20	112	152	75	164	62	72	251	209	145	67	7	195	173	209	215	96	192	121	245	26	22	231	140	161	51	73	4	4	244	97	121	17	100	237	174	78	105	1	87	187	173	23	219	30	176	133
239	66	158	21	34	223	205	236	50	103	130	121	240	153	187	74	3	174	178	171	229	145	152	241	14	140	239	219	192	143	145	231	183	68	153	236	35	143	247	56	229	112	67	26	45	255	180	56	154	230	26	210	99	182	87	240	145	137	10	148	164	183	93	38	89	153	225	198
253	233	20	48	174	43	97	190	175	194	143	27	175	35	74	140	52	205	8	91	154	135	226	80	174	246	190	81	33	82	113	175	170	38	102	178	126	41	87	43	227	162	87	32	108	87	69	22	113	179	74	56	179	154	153	77	32	136	30	115	205	123	11	170	6	198	146	124	70
213	36	218	164	240	21	207	123	74	17	146	245	254	246	175	8	216	227	206	11	79	226	121	72	113	85	157	253	132	105	110	166	227	134	198	53	150	53	244	251	118	205	44	74	148	27	62	13	193	88	163	112	171	248	222	18	42	86	136	73	139	170	56	243	193	166	122	128	107	185
244	59	41	34	1	205	11	247	165	50	232	138	249	166	231	120	176	157	120	182	120	109	252	203	3	91	87	163	2	229	107	141	58	158	197	216	234	134	9	116	68	67	181	36	193	194	7	40	109	117	129	150	254	212	177	90	221	224	80	122	166	2	188	73	221	26	59	23	205	151	227
143	188	227	231	120	245	170	41	128	238	47	118	31	106	96	160	107	76	239	93	217	140	174	234	150	35	236	114	22	218	185	70	138	164	196	196	20	21	115	181	92	153	187	200	66	114	191	79	227	164	249	110	45	228	41	175	112	243	172	113	67	8	46	134	9	158	223	101	18	141	144	79
253	135	42	20	243	159	16	62	90	107	72	202	140	83	229	167	60	111	197	137	199	47	51	210	215	193	231	216	46	47	82	216	182	65	212	116	85	198	41	123	182	15	122	170	226	95	55	15	179	179	215	47	179	74	227	92	40	108	201	49	26	86	214	2	91	103	174	231	102	132	83	4	219
222	86	50	147	255	197	142	155	23	250	29	230	64	239	112	168	254	218	35	89	228	18	59	244	144	83	92	50	64	188	115	191	65	17	187	46	51	251	68	219	34	163	42	22	219	35	174	160	189	123	93	8	108	68	33	105	179	131	254	237	145	28	186	184	51	225	57	241	83	132	237	121	188	127
69	16	225	63	104	104	171	122	128	81	3	33	2	232	139	187	235	179	94	200	88	224	40	242	166	117	254	25	135	11	182	184	108	166	51	187	202	120	61	76	160	118	3	15	105	113	40	17	148	167	211	206	247	231	157	240	145	234	171	174	20	10	139	128	96	77	151	60	8	153	172	210	116	250	45
105	86	194	5	1	61	144	79	75	91	98	68	183	69	239	153	96	14	183	220	132	75	92	214	149	67	81	80	29	158	236	240	55	234	146	69	43	61	37	121	62	158	97	4	91	13	5	88	129	188	242	155	74	129	141	158	7	160	169	125	15	201	72	232	216	151	69	139	130	209	195	233	12	150	235	224
74	35	102	43	169	6	56	157	63	223	233	62	68	116	55	135	26	69	5	22	89	178	6	44	239	62	241	78	89	238	65	120	187	100	160	169	195	74	100	232	133	214	130	143	170	118	89	65	122	245	160	243	221	92	126	116	215	33	151	247	64	134	84	181	146	202	89	3	237	62	88	11	46	117	216	40	23
19	93	234	222	249	33	79	235	39	78	154	226	142	14	162	243	255	110	44	120	179	144	48	124	100	126	228	160	199	143	185	68	34	33	69	10	237	21	51	30	30	191	175	50	180	247	178	169	185	116	218	90	147	247	50	23	245	177	85	125	93	176	240	148	3	165	133	108	229	238	138	66	35	121	250	165	115	67
111	112	31	52	189	254	136	235	115	166	237	249	231	149	202	122	206	125	202	213	186	250	91	82	89	179	44	34	245	8	133	7	223	147	199	138	152	191	251	55	158	82	191	123	195	78	6	122	171	92	114	205	1	191	35	242	123	248	191	83	136	110	135	207	174	201	244	49	126	77	65	72	196	4	168	40	83	146	246
154	199	128	174	132	99	203	215	224	130	176	2	237	44	47	148	17	201	202	221	180	234	38	220	109	36	8	24	162	29	166	61	247	146	84	82	116	154	210	91	40	112	149	164	141	234	36	91	159	17	184	169	205	97	240	101	125	5	252	52	225	156	113	46	63	66	55	54	133	47	134	170	101	155	26	154	155	155	7	84
172	29	171	83	163	57	200	17	248	173	92	45	221	56	238	104	57	144	136	169	161	53	72	162	75	4	26	198	131	15	1	178	204	44	28	34	78	177	130	145	90	52	150	223	118	98	59	146	24	192	160	252	192	178	3	27	192	46	200	211	37	80	220	75	218	140	38	19	254	32	6	82	197	83	194	114	5	105	162	119	200
138	24	176	204	67	229	115	245	2	149	149	69	129	147	99	102	47	26	206	253	210	234	189	98	116	193	229	246	150	95	86	134	85	165	128	150	220	108	237	191	242	169	57	25	228	34	25	41	104	232	109	22	75	5	103	110	233	249	194	188	109	26	4	193	220	139	91	114	205	48	144	232	83	242	252	227	139	189	245	234	141	189
252	175	133	12	173	154	105	149	198	20	181	242	15	170	233	131	97	204	43	182	193	48	37	164	92	2	95	80	200	82	146	141	181	72	167	67	251	57	56	124	171	29	81	234	90	207	58	140	80	46	198	116	194	81	112	77	112	77	31	185	63	34	17	123	155	31	175	98	74	164	162	234	90	212	125	234	194	8	187	232	212	148	181
145	3	249	34	129	53	103	193	182	191	159	214	230	67	234	223	41	89	8	232	197	15	24	201	160	26	223	255	207	47	114	128	215	28	116	110	44	107	169	134	42	31	71	207	186	62	29	82	52	52	9	209	218	129	153	209	161	168	11	216	91	73	250	120	146	233	72	149	191	86	143	102	73	100	166	190	22	157	80	163	12	117	2	142
77	59	137	173	103	137	229	117	233	15	158	172	119	112	32	140	90	164	130	117	118	238	202	148	20	156	52	119	85	181	234	236	18	194	236	25	44	34	74	94	42	163	74	106	17	204	52	228	240	180	147	45	181	89	237	12	238	58	183	146	65	64	57	254	64	49	235	98	4	130	81	118	228	216	3	94	5	122	41	31	77	171	203	20	131
208	24	25	127	149	222	113	38	19	224	177	56	129	61	31	3	255	191	71	186	86	198	92	126	56	166	153	93	217	235	137	108	214	17	5	118	193	37	6	90	203	81	63	231	4	127	76	231	158	18	58	24	162	70	160	12	2	209	91	57	247	73	59	3	235	63	155	71	205	34	3	176	14	184	52	37	205	129	56	177	244	85	239	180	30	108
18	90	195	82	201	140	87	234	199	41	136	128	201	44	111	148	139	142	112	222	224	230	13	236	239	24	19	9	86	154	186	219	56	175	77	124	253	5	134	62	112	74	126	17	103	196	152	43	29	56	56	151	130	87	118	96	128	134	68	93	96	244	142	10	202	227	24	96	247	131	169	116	193	253	20	107	34	24	95	109	174	86	38	123	56	185	168
209	77	232	181	91	65	85	204	51	112	89	38	58	156	215	188	55	38	31	37	18	125	253	141	106	182	229	234	43	91	16	175	50	117	26	197	228	198	251	219	191	36	120	143	146	50	81	225	24	58	186	251	16	52	113	139	201	14	209	6	90	227	16	118	75	19	122	6	186	22	77	12	42	156	21	38	86	150	39	255	119	225	16	76	38	178	248	242
209	227	49	82	162	147	43	188	44	209	237	56	212	112	254	204	241	42	156	61	126	181	49	220	177	176	32	85	235	252	162	151	223	168	143	19	245	151	226	210	52	214	224	117	175	238	130	149	219	144	139	255	110	207	99	252	203	70	99	4	13	188	166	117	194	122	236	71	154	200	79	42	195	49	207	108	235	169	198	140	32	37	83	184	169	1	202	82	77
4	222	117	157	93	233	74	209	108	8	120	2	22	31	97	217	1	141	167	87	45	56	92	154	244	128	137	253	115	153	24	204	45	104	140	50	225	183	9	224	241	153	94	156	184	173	181	26	141	109	138	114	215	215	46	36	200	119	38	187	228	81	233	46	108	74	132	110	15	95	155	15	64	104	38	121	106	46	229	1	37	102	113	240	71	98	1	231	69	107
50	102	82	18	117	136	121	151	253	167	85	176	2	112	47	56	90	58	33	250	226	112	90	180	70	117	227	97	217	50	51	72	32	242	105	21	175	236	85	119	255	128	173	249	183	88	14	62	106	150	84	66	219	155	13	42	237	46	81	227	59	198	118	252	110	251	115	63	231	118	150	1	59	122	160	161	96	156	177	59	38	74	230	143	176	172	167	9	60	190	187
22	68	212	174	128	237	219	244	10	148	59	162	163	201	244	255	228	8	110	99	214	190	85	153	124	147	43	248	70	33	169	18	137	71	108	232	174	61	74	145	107	203	171	84	188	120	244	153	255	222	238	166	104	75	157	141	194	76	136	159	39	38	246	188	143	17	217	179	249	146	139	118	202	167	138	21	162	48	133	35	201	167	248	229	141	91	131	123	180	50	218	79
113	215	175	78	53	71	195	68	181	13	118	75	203	203	203	89	250	89	185	38	152	27	59	152	237	126	74	192	222	20	108	165	199	239	54	253	233	162	205	205	159	112	22	251	18	153	138	43	228	253	86	138	147	251	86	208	188	43	14	88	189	117	135	29	92	49	66	115	11	238	14	98	167	82	184	253	38	117	243	116	164	106	173	71	253	240	114	224	138	178	15	164	87
137	62	123	233	74	195	137	211	81	75	81	136	162	125	106	84	239	122	173	94	172	76	176	28	239	108	233	51	244	82	237	21	88	97	126	61	18	187	145	214	29	65	169	121	122	113	237	228	18	2	134	223	103	175	179	211	195	70	220	100	203	220	179	247	219	9	24	21	171	33	2	148	14	164	55	216	99	177	229	157	174	151	154	145	168	195	34	121	98	196	9	167	83	147
66	16	197	110	166	33	25	194	218	245	43	252	250	244	172	11	250	125	117	150	79	245	134	4	106	226	2	60	19	139	159	48	17	102	69	114	166	44	72	31	133	156	222	9	173	191	229	99	194	22	8	8	227	36	186	36	8	190	31	102	37	208	66	120	61	140	117	124	134	187	200	40	91	64	189	63	198	9	90	137	173	103	190	188	108	43	38	131	255	225	17	122	68	112	234
59	49	30	50	13	147	198	190	166	14	206	213	113	159	240	183	132	2	123	205	8	61	144	125	73	45	98	3	168	17	126	123	51	144	253	170	171	122	10	181	87	60	181	224	190	36	152	70	188	148	239	135	7	189	81	243	83	174	25	188	213	134	227	172	151	239	68	101	143	101	207	18	29	112	119	154	121	188	184	127	116	206	209	241	145	59	192	47	1	102	15	236	175	72	233	84
129	226	233	106	73	121	244	154	49	252	12	6	251	240	89	46	186	181	1	215	214	175	245	231	73	253	170	193	23	191	159	46	29	131	85	47	66	212	73	187	212	238	240	254	241	29	188	167	21	207	33	189	245	46	148	193	236	204	79	2	216	46	54	186	126	234	20	19	218	184	205	234	175	247	143	82	226	48	130	180	251	133	153	230	4	118	103	199	178	231	221	183	144	56	217	205	36
220	76	92	66	154	9	75	40	44	201	22	126	28	40	10	213	97	229	135	53	84	83	64	61	119	173	37	242	24	97	135	182	215	45	213	91	118	254	105	164	20	164	154	35	58	149	48	30	147	202	204	37	71	242	146	3	59	87	200	248	90	138	137	143	52	51	226	226	229	85	254	230	49	35	252	32	54	175	41	47	245	195	48	205	22	208	173	38	1	39	67	240	129	159	238	85	125	107
61	6	27	69	1	36	74	242	90	27	229	95	170	96	110	238	241	166	241	84	155	170	210	125	167	235	102	61	245	95	140	158	192	188	50	203	208	18	62	254	217	51	232	61	199	255	238	140	140	165	82	230	19	189	167	79	143	168	9	144	98	143	191	86	25	53	201	246	211	51	27	180	159	69	70	23	197	249	225	224	51	132	160	60	98	120	90	239	11	216	240	218	29	62	244	112	10	238	98
136	64	187	246	80	13	213	207	50	246	168	148	32	194	24	93	114	100	154	194	165	90	22	85	98	103	236	128	107	16	164	150	85	45	226	188	149	101	183	229	155	152	115	48	21	53	40	210	95	231	38	77	133	72	107	150	222	7	4	242	95	142	202	101	104	67	211	251	159	76	8	194	194	86	41	211	49	208	130	197	240	254	249	187	154	142	57	127	130	152	179	91	199	156	77	201	214	106	35	199
